361.000000
275.000000
2.067246
-1.051650
0.000000
1.000000
0.200000
0.800000
0.549194
1.000000
0.600000
0.400000
0.800000
0.200000
1.000000
0.000000
0.000000
1.000000
0.200000
0.800000
0.400000
0.600000
0.600000
0.400000
0.800000
0.200000
1.000000
0.000000
0.000000
1.000000
0.200000
0.800000
0.400000
0.600000
0.600000
0.400000
0.800000
0.200000
1.000000
0.000000
0.000000
1.000000
0.200000
1.000000
0.400000
1.000000
0.600000
1.000000
0.800000
1.000000
1.000000
1.000000
1.129032
1.999000
1.215053
1.999000
